[LEFT_CAM_2K]
cx=997.851
cy=553.554
fx=1019.67
fy=1019.82
k1=-0.08806464641810209
k2=-0.00461121352497443
k3=0.0029254323242730693
p1=0.011009843669206872
p2=-0.0018354724955465457

[LEFT_CAM_FHD]
cx=853.851
cy=472.554
fx=1019.67
fy=1019.82
k1=-0.08806464641810209
k2=-0.00461121352497443
k3=0.0029254323242730693
p1=0.011009843669206872
p2=-0.0018354724955465457

[LEFT_CAM_HD]
cx=585.426
cy=324.777
fx=509.837
fy=509.91
k1=-0.08806464641810209
k2=-0.00461121352497443
k3=0.0029254323242730693
p1=0.011009843669206872
p2=-0.0018354724955465457

[LEFT_CAM_VGA]
cx=308.213
cy=169.889
fx=254.919
fy=254.955
k1=-0.08806464641810209
k2=-0.00461121352497443
k3=0.0029254323242730693
p1=0.011009843669206872
p2=-0.0018354724955465457

[RIGHT_CAM_2K]
cx=827.176
cy=138.785
fx=2248.58
fy=2248.05
k1=-0.24562678702440535
k2=-0.36898029228992946
k3=0.2047470485457144
p1=0.07369987571126764
p2=0.018803448430532783

[RIGHT_CAM_FHD]
cx=683.176
cy=57.7851
fx=2248.58
fy=2248.05
k1=-0.24562678702440535
k2=-0.36898029228992946
k3=0.2047470485457144
p1=0.07369987571126764
p2=0.018803448430532783

[RIGHT_CAM_HD]
cx=500.088
cy=117.393
fx=1124.29
fy=1124.03
k1=-0.24562678702440535
k2=-0.36898029228992946
k3=0.2047470485457144
p1=0.07369987571126764
p2=0.018803448430532783

[RIGHT_CAM_VGA]
cx=265.544
cy=66.1963
fx=562.145
fy=562.013
k1=-0.24562678702440535
k2=-0.36898029228992946
k3=0.2047470485457144
p1=0.07369987571126764
p2=0.018803448430532783

[STEREO]
Baseline=119.659
CV_2K=-0.0880756
CV_FHD=-0.0880756
CV_HD=-0.0880756
CV_VGA=-0.0880756
RX_2K=0.0712212
RX_FHD=0.0712212
RX_HD=0.0712212
RX_VGA=0.0712212
RZ_2K=-0.0126274
RZ_FHD=-0.0126274
RZ_HD=-0.0126274
RZ_VGA=-0.0126274
